##BLOCKS= 4          
Plate:	2760	1.3	PlateFormat	Endpoint	Absorbance	Raw	FALSE	1						1	420	1	12	96	1	8	None	
	Temperature(¡C)	1	2	3	4	5	6	7	8	9	10	11	12		
	25.60	0.3404	0.419	0.4188	0.5044	0.4635	0.5845	0.5402	0.5896	0.4803	0.5699	0.5679	0.5241		
		0.7463	0.6323	0.6317	0.7148	0.7117	0.7021	0.6137	0.6215	0.6592	0.6748	0.7411	0.7041		
		0.7753	0.8645	0.8937	0.741	0.8739	0.8456	0.7634	0.8043	0.7722	0.8268	0.9332	0.823		
		0.9375	0.9351	1.0248	0.8347	0.8968	0.9627	1.1012	0.9323	0.8178	0.9487	1.1	0.884		
		0.9343	1.0812	0.9061	0.8217	0.9917	1.0111	0.9225	0.9303	1.0649	0.5437	0.4937	0.5184		
		1.132	1.0096	1.0975	1.0379	0.9474	0.9926	0.9489	1.0879	0.9984	0.6028	0.6021	0.6792		
		0.8938	1.019	1.0174	0.9457	0.937	1.1226	0.9253	0.9531	0.9181	0.7964	0.8036	0.8272		
		1.0193	0.9463	0.9837	0.9485	1.1234	1.0309	1.0287	0.9657	0.8554	0.9667	0.9378	0.928		
		
~End
Plate:	2761	1.3	PlateFormat	Endpoint	Absorbance	Raw	FALSE	1						1	420	1	12	96	1	8	None	
	Temperature(¡C)	1	2	3	4	5	6	7	8	9	10	11	12		
	25.60	0.6761	0.7	0.5678	0.647	0.6221	0.6189	0.6452	0.7438	0.6662	0.7682	0.7276	0.6452		
		0.8234	0.8676	0.7804	0.8177	0.7546	0.8704	0.8795	0.8194	0.8282	0.8674	0.7958	0.7658		
		0.8397	0.8752	0.9852	0.8101	0.8516	0.934	0.8933	0.8731	0.9029	0.9265	0.9356	0.8971		
		0.9082	0.858	1.0111	0.8972	0.8102	0.9087	1.0333	0.8537	0.8887	0.9739	0.9748	0.843		
		0.8783	0.9698	1.0976	0.9131	1.0579	1.0804	1.035	1.0325	0.9645	0.6954	0.7623	0.6516		
		1.0234	1.0686	1.0515	0.9937	1.0035	1.0244	1.1414	1.0354	1.1792	0.7646	0.7705	0.8534		
		1.0956	0.9915	0.9847	1.1393	0.9822	1.0683	0.9643	0.9304	0.9906	0.858	0.8387	0.8701		
		0.8098	0.973	0.8162	0.9385	1.0118	0.8853	1.0731	0.9511	0.9037	0.914	0.9231	0.8955		
		
~End
Plate:	2762	1.3	PlateFormat	Endpoint	Absorbance	Raw	FALSE	1						1	420	1	12	96	1	8	None	
	Temperature(¡C)	1	2	3	4	5	6	7	8	9	10	11	12		
	25.60	0.9437	0.7827	0.9345	0.9547	1.0051	0.9413	0.9037	1.003	0.9864	0.9352	0.8721	0.8074		
		0.9138	0.9098	0.9563	1.1627	0.9387	1.0252	0.8448	0.9356	0.8441	0.8733	0.957	0.8142		
		0.8746	0.9398	1.0736	0.9473	0.9384	0.9751	0.8917	0.9326	0.8237	0.9158	0.8938	0.9737		
		1.0099	0.9871	0.9847	1.0362	1.0164	0.945	0.9137	0.9182	0.9138	0.9067	0.8322	0.7606		
		0.9313	1.0006	0.9642	0.9285	0.9542	0.9169	0.8451	0.8961	0.9689	0.8556	0.983	0.7481		
		0.9315	1.0058	0.9727	1.0063	0.9384	1.0281	0.9303	1.0006	1.0017	0.9795	0.9471	0.7769		
		0.731	0.7977	0.9493	0.863	0.9867	1.029	0.9472	0.9708	0.9901	0.8326	0.7671	0.6883		
		0.7354	0.7565	0.8002	0.8409	0.8802	0.8423	0.8869	0.8523	0.8147	0.7769	0.7505	0.7353		
		
~End
Plate:	2763	1.3	PlateFormat	Endpoint	Absorbance	Raw	FALSE	1						1	420	1	12	96	1	8	None	
	Temperature(¡C)	1	2	3	4	5	6	7	8	9	10	11	12		
	25.60	0.5805	0.7433	0.6698	0.6539	0.5849	0.6211	0.8892	1.0505	1.1683	1.0858	0.8662	0.9151		
		0.7041	0.8358	0.8361	0.8122	0.7831	0.7813	0.9846	1.2081	1.11	1.0758	1.0829	0.9595		
		0.8695	0.9349	0.9401	0.9813	0.8618	0.7692	1.0641	1.1155	1.0777	1.0475	0.9417	0.8515		
		0.96	0.9042	0.9933	0.9814	0.921	0.8367	1.0265	0.987	1.1745	0.7839	0.905	0.7518		
		0.972	1.0574	1.0281	0.8587	0.8574	1.1121	1.0493	1.1544	1.0796	1.089	0.8391	0.7434		
		0.9942	0.8585	0.8935	0.9799	1.003	1.0286	0.9774	1.1805	1.0221	0.8786	0.7234	0.7512		
		1.0346	1.0955	0.9755	1.0018	1.1054	0.949	1.0352	0.9535	0.8757	0.8383	0.9247	0.8071		
		1.04	0.9188	0.9941	0.9461	0.9541	0.9999	0.9841	0.9739	0.9508	0.9261	0.8158	0.8628		
		
~End
Copyright © 2004 Molecular Devices. All rights reserved.
